-26.7 35.5
-23.3 41.4
-18.1 38.4
-23.6 -33.8
26.3 28.7
46.5 -40.0
-26.6 -10.9
-49.5 -25.4
8.3 -16.0
-46.8 45.9
47.9 -22.9
48.8 -13.0
33.5 -33.3
46.2 -39.6
39.2 -44.1
-22.9 19.5
0.6 11.7
35.3 -44.5
45.2 -4.5
10.1 -18.3
-14.1 -22.4
-11.2 21.9
-29.4 49.2
32.4 32.0
13.6 47.7
19.8 27.5
-0.2 21.1
-37.0 30.1
-27.2 -35.6
-42.8 35.0
-40.7 3.6
-44.5 -9.6
22.6 -31.6
49.0 -46.9
-0.1 -35.0
28.7 -2.6
-3.7 2.8
-17.4 47.6
41.7 -25.6
30.7 31.8
40.6 42.5
31.2 32.1
-14.1 -15.7
-16.1 -49.4
-34.5 -16.6
38.2 41.5
45.0 -23.0
-46.6 -13.0
-7.2 19.9
-12.4 39.3
-46.7 9.8
13.7 -14.9
-16.6 -25.2
-29.7 28.1
-46.7 -11.2
7.4 -47.7
-11.3 -32.6
4.5 14.9
41.7 -15.2
36.7 -38.2
-8.8 -38.6
45.8 46.1
36.0 35.2
32.7 42.3
-17.2 -36.6
-49.7 7.0
-9.0 45.8
7.2 33.2
18.8 13.5
-1.2 38.4
-8.0 26.8
34.4 -36.9
-33.9 -32.6
-16.3 0.6
-9.8 -14.9
29.8 10.0
-20.5 -21.5
-1.9 -44.1
8.4 49.9
-26.4 -29.5
2.6 18.4
35.3 -48.9
25.6 -1.2
-22.0 -13.3
27.2 31.7
-45.1 17.7
-29.2 31.0
-26.9 24.3
12.2 1.4
-37.2 -47.9
-21.2 6.9
28.9 -20.0
-40.6 22.5
31.7 33.3
-14.9 -3.9
27.2 -14.5
-2.5 9.0
0.4 28.4
-26.1 26.8
34.5 12.9
-1.5 -18.8
48.5 -15.8
-20.4 19.0
-13.7 -46.3
-37.6 -36.8
-28.6 6.2
45.6 -14.2
43.7 29.6
13.5 -18.1
35.5 -23.0
-21.7 -1.6
-35.4 -0.3
-32.7 44.2
-42.6 3.2
14.1 21.7
-9.4 9.0
-35.8 -0.2
2.3 28.8
-25.0 -5.6
2.4 0.8
46.7 -4.6
40.3 -48.2
33.6 -31.8
-23.6 -36.7
4.5 46.3
29.5 -13.9
41.5 -26.2
32.1 24.4
-35.8 39.6
-7.4 35.5
-42.5 -3.5
-16.1 -28.1
30.4 -11.7
-11.8 20.5
-4.3 -18.3
-31.5 41.1
5.4 -7.1
-39.6 -35.2
13.2 39.0
36.5 7.9
-7.9 14.1
46.9 11.0
-29.6 -32.4
-34.4 -17.9
1.5 -22.6
47.3 -9.0
42.2 -25.5
-24.2 17.0
39.4 -18.3
-5.4 -14.0
-35.3 -18.5
44.5 -26.2
29.1 8.5
-14.1 -24.0
-10.9 39.2
-40.3 18.9
22.2 32.8
41.4 34.4
40.7 47.8
5.8 27.2
-46.5 7.9
-45.5 41.4
17.4 24.7
6.1 39.1
-12.6 3.5
-42.1 13.1
-40.7 32.8
-13.2 -34.5
49.1 -43.9
-19.4 45.0
8.9 7.2
10.1 -28.1
-30.3 -2.0
-27.8 46.4
19.5 -2.4
-12.8 31.0
46.3 23.6
40.2 39.8
45.9 18.5
9.3 -14.9
-21.6 -39.3
-48.0 34.8
-40.3 -10.2
-21.8 -26.7
-48.7 37.2
-36.6 41.7
21.2 7.4
1.2 33.8
-46.8 -8.7
-14.9 31.4
0.9 9.6
24.6 -39.0
0.9 49.1
9.9 36.9
-37.2 -43.0
37.9 44.1
27.0 -42.9
26.4 20.6
1.9 3.8
-45.6 -48.3
-35.9 16.2
-1.7 -43.6
41.8 25.5
-22.5 -42.2
-41.6 -35.4
18.7 2.3
41.1 31.3
15.0 -18.8
-11.3 -17.5
13.6 -27.3
47.4 -12.3
-48.4 -7.7
1.8 -0.6
-10.4 -25.5
-20.8 -15.1
25.7 22.9
-2.0 42.3
-18.9 -11.7
46.6 44.1
-16.5 39.4
46.2 49.9
1.9 40.2
-13.5 -27.9
23.4 41.0
-5.2 -14.2
-5.0 -5.3
-31.9 -40.9
5.6 12.6
-17.7 -48.2
-7.7 -27.6
-25.8 32.0
-9.1 -31.2
-15.5 -0.7
-40.7 23.4
0.6 -19.2
7.0 38.4
-1.7 -14.0
-46.0 49.5
-39.2 25.4
-48.4 10.5
-11.4 -27.7
15.7 43.5
-19.7 27.2
29.4 -25.1
43.2 31.9
0.4 -25.5
17.7 41.4
0.1 -7.6
-32.4 -38.5
-33.8 11.6
17.3 -0.9
48.0 27.7
1.0 17.7
-49.3 -23.4
7.6 -10.3
-27.9 -28.6
38.9 13.6
-45.8 17.9
-45.4 -6.2
35.4 46.3
-32.3 41.4
30.8 29.6
-20.5 -46.6
-26.7 -36.7
23.0 29.2
0.5 1.9
11.4 26.0
46.2 44.2
15.4 -47.5
9.8 -22.8
19.0 7.6
32.9 -41.1
-7.5 -19.3
-17.8 46.6
0.7 29.4
31.3 22.4
3.7 6.7
47.8 2.9
39.2 -24.5
49.9 -3.4
49.0 2.0
-43.8 -37.6
38.8 -14.3
12.9 -22.0
35.0 42.4
-49.0 -28.3
-5.6 3.7
2.8 -16.1
14.1 37.9
17.5 -13.0
12.8 -5.8
-2.2 17.7
-43.8 46.8
-33.1 10.6
-7.7 38.0
-42.3 33.4
46.0 28.5
-1.4 5.9
-10.2 10.2
11.2 -5.2
33.7 38.1
35.0 -33.6
-49.6 2.7
-4.9 26.3
33.6 37.1
-1.5 -33.6
-35.6 -22.5
22.0 10.7
21.1 -28.7
46.4 -40.2
-21.0 44.2
-17.4 17.2
36.8 -41.9
21.5 -3.9
-19.1 30.9
-33.6 -13.3
9.9 -26.0
-3.9 8.7
-19.5 -15.8
36.1 3.4
-7.0 -16.4
35.0 -32.1
-9.2 39.5
-13.1 27.9
-49.6 9.6
-2.8 20.0
47.9 20.1
-3.4 -40.9
17.7 -7.3
-36.7 -2.4
38.2 -10.7
-1.3 31.4
-44.4 36.7
-29.0 47.5
43.3 31.0
-33.2 -44.7
-31.4 -31.5
10.1 37.2
8.3 2.1
-37.1 -36.5
31.6 -29.6
14.0 -20.4
6.5 21.6
-21.9 16.7
-27.7 20.9
41.4 -8.9
-36.8 10.5
-15.0 -41.6
39.4 -24.7
23.4 49.5
-19.9 8.8
-32.8 -2.9
-45.3 -29.4
12.7 10.1
-28.9 18.7
-11.1 -26.0
16.5 22.3
43.0 33.3
-10.3 -37.5
25.9 -50.0
-43.7 -39.2
-10.7 -5.9
-21.1 -42.5
8.4 16.1
20.5 26.5
40.2 6.8
40.5 -41.0
-24.7 2.3
-21.9 -9.9
17.7 -9.5
-12.8 -39.7
-16.1 -37.7
-31.4 0.9
49.4 -0.4
19.8 0.4
47.6 -45.4
0.7 43.3
-16.2 22.4
5.5 41.2
-14.9 -21.1
-11.9 -45.9
-8.1 -1.5
-42.5 -41.3
-10.6 -26.0
40.8 -6.8
-5.9 -43.8
-14.5 -25.7
-25.5 -4.9
3.7 4.6
-41.1 -4.9
-26.2 40.7
46.2 18.6
36.2 39.4
33.8 -15.1
41.8 32.3
-41.2 -16.7
37.9 39.3
-5.6 10.4
-7.7 17.8
-10.7 22.5
-5.1 -42.7
-42.4 -39.7
-36.6 4.9
7.2 41.5
37.8 14.7
17.3 30.8
-20.7 -22.4
-30.5 4.1
-18.9 -32.8
44.2 -47.0
-36.7 48.1
26.7 -20.1
-28.1 2.0
31.8 -32.0
31.0 -28.4
-0.5 -12.5
-17.5 -13.6
21.9 3.9
16.3 22.6
48.1 -27.3
-26.3 -33.8
-27.2 -41.0
-23.3 -25.0
-31.3 -22.2
7.4 -49.9
-3.7 47.2
5.6 -1.3
6.2 39.2
-31.9 4.8
34.6 26.7
37.0 19.4
-48.1 -27.0
31.2 -7.6
-7.5 -28.7
34.3 -39.1
24.5 4.8
-45.3 38.1
27.2 40.6
26.4 1.5
18.2 -27.4
47.2 39.7
-18.8 36.3
15.0 46.3
30.7 22.3
-32.0 10.7
6.9 -45.3
-8.6 37.7
19.9 -38.6
-39.6 -30.2
-28.3 -19.3
47.7 12.4
29.6 -41.4
-6.6 -20.8
27.2 -4.4
43.9 35.0
49.7 -28.6
-48.2 39.8
38.3 7.8
16.2 10.9
35.1 11.1
-41.6 -34.4
-2.1 -37.8
41.6 -43.2
-38.7 -27.2
-46.2 39.4
-12.9 23.6
-30.1 1.0
-47.6 33.2
-28.9 46.5
23.6 14.2
15.6 35.0
24.8 -42.9
-41.5 -3.0
9.6 -19.0
-18.2 5.2
44.9 -30.4
-34.6 -39.2
48.7 35.3
10.9 -13.7
21.9 30.8
-23.6 -26.9
38.0 -16.0
42.7 31.0
-32.9 -16.6
-19.4 37.1
-44.0 0.3
31.5 0.4
47.8 27.5
-10.0 -35.2
27.1 -25.9
4.6 -11.7
48.3 -25.3
-30.1 -38.5
40.0 2.5
24.0 -8.6
-29.3 26.0
-33.5 24.7
39.3 22.0
18.9 -39.5
8.1 -29.8
